source target w
0 4 1
0 8 1
0 11 1
0 16 1
0 33 1
0 47 1
0 117 1
0 119 1
0 124 1
0 144 1
0 170 1
0 180 1
0 196 1
0 302 1
1 51 1
1 73 2
1 80 2
1 138 1
1 170 1
1 268 1
1 272 1
1 319 1
2 16 1
2 28 1
2 54 1
2 80 1
2 102 1
2 114 1
2 329 1
2 572 1
3 25 1
3 33 1
3 54 2
3 67 1
3 76 1
3 106 1
3 119 1
3 122 1
3 140 1
3 154 1
3 186 1
3 188 1
3 194 1
3 264 2
3 456 1
3 552 1
4 1 1
4 38 1
4 54 1
4 67 1
4 72 1
4 94 1
4 126 1
4 158 2
4 172 1
4 196 1
5 67 1
5 107 1
5 116 1
5 146 1
5 160 1
5 175 1
6 70 1
6 78 2
6 99 1
6 115 1
6 587 1
7 2 1
7 22 1
7 33 1
7 57 1
7 74 1
7 97 1
7 104 1
7 421 1
8 0 1
8 27 1
8 36 1
8 102 1
8 107 1
8 116 1
8 129 1
8 130 1
8 141 1
8 158 1
8 162 1
8 167 1
8 359 1
9 35 1
9 38 1
9 92 1
9 154 1
9 160 1
9 301 1
9 453 1
9 455 2
9 588 1
10 42 1
10 59 1
10 79 1
10 127 1
10 183 1
10 190 1
10 237 1
10 285 1
10 451 1
11 0 1
11 16 1
11 48 1
11 78 1
11 84 1
11 122 1
11 130 1
11 133 2
11 157 1
11 170 1
11 183 2
11 196 1
11 304 1
11 545 1
11 548 1
11 582 1
12 39 1
12 40 1
12 76 1
12 122 1
12 274 1
12 283 1
13 14 1
13 20 1
13 28 1
13 96 1
13 137 1
13 150 1
13 191 1
13 203 1
13 578 1
14 32 1
14 64 1
14 74 1
14 98 1
14 122 1
14 150 1
14 153 1
14 163 2
14 176 1
14 196 1
14 596 1
15 68 1
15 72 1
15 77 1
15 125 1
15 177 1
15 181 1
15 186 1
15 193 1
15 280 2
16 14 1
16 23 1
16 30 1
16 44 1
16 50 1
16 73 1
16 88 2
16 94 1
16 124 1
16 140 1
16 176 1
16 187 2
16 202 1
17 16 1
17 26 2
17 29 2
17 80 1
17 139 1
17 189 1
17 570 1
18 33 1
18 103 1
18 125 1
18 130 1
18 135 1
18 182 1
18 257 1
18 444 1
18 462 1
19 2 1
19 40 1
19 61 1
19 123 1
19 149 1
19 191 1
19 194 1
19 270 1
19 419 1
19 513 1
20 13 1
20 36 1
20 42 1
20 63 1
20 67 3
20 75 1
20 85 1
20 91 1
20 116 3
20 132 1
20 143 1
20 198 1
21 52 1
21 54 1
21 80 1
21 84 1
21 94 1
21 160 1
21 171 1
21 178 1
21 194 1
22 25 1
22 56 1
22 113 1
22 127 1
22 179 1
22 182 1
22 232 1
22 454 1
23 16 1
23 24 1
23 53 1
23 118 1
23 125 1
23 133 1
23 151 1
23 156 1
24 23 1
24 30 1
24 106 1
24 129 1
24 184 1
24 337 1
24 339 1
24 358 1
25 3 1
25 14 1
25 43 1
25 79 1
25 82 1
25 90 3
25 106 1
25 179 1
25 506 2
26 17 1
26 57 1
26 64 1
26 72 1
26 122 1
26 205 1
26 384 1
27 15 1
27 43 1
27 101 1
27 114 1
27 174 2
27 198 1
27 534 1
28 2 1
28 36 1
28 44 1
28 101 1
28 130 1
28 162 2
28 194 1
28 206 1
29 17 1
29 35 1
29 81 1
29 102 1
29 117 1
29 128 1
29 145 1
29 156 4
29 157 1
29 189 1
29 441 1
30 16 1
30 24 1
30 55 1
30 100 1
30 143 1
30 151 1
30 169 1
30 184 1
30 598 1
31 27 1
31 38 1
31 55 1
31 82 1
31 105 1
31 131 1
31 144 1
31 169 1
31 172 1
31 245 1
31 367 1
32 12 1
32 14 1
32 35 1
32 88 1
32 106 1
32 145 2
32 161 1
32 173 1
32 294 1
32 338 1
32 413 1
33 0 1
33 3 1
33 7 1
33 18 2
33 47 2
33 100 1
33 122 1
33 147 1
33 165 1
33 285 1
33 349 1
33 366 1
34 3 1
34 46 1
34 56 1
34 68 1
34 75 1
34 117 1
34 199 1
34 402 1
34 499 1
35 9 1
35 102 1
35 130 1
35 149 1
35 192 1
35 198 1
36 47 1
36 55 1
36 58 1
36 64 1
36 82 1
36 105 1
36 122 1
36 157 1
36 191 2
36 196 2
36 473 1
37 46 1
37 150 1
37 182 1
37 412 1
37 453 1
38 9 1
38 42 1
38 81 1
38 104 1
38 123 1
39 4 1
39 8 1
39 9 1
39 58 1
39 77 1
39 83 1
39 109 1
39 129 1
39 137 1
39 146 1
39 168 1
39 184 1
39 517 1
40 19 1
40 44 1
40 50 1
40 74 1
40 197 1
40 302 1
41 3 1
41 89 1
41 93 1
41 179 1
41 188 2
42 10 3
42 18 1
42 20 2
42 38 1
42 112 1
42 143 1
42 160 1
42 182 1
42 200 1
42 229 1
42 343 2
42 534 1
43 4 1
43 10 1
43 25 3
43 46 1
43 68 1
43 90 1
43 120 1
43 170 1
43 196 1
43 505 1
44 24 1
44 66 1
44 191 1
44 194 1
45 23 1
45 64 1
45 129 1
45 142 1
45 166 1
45 171 1
45 185 1
45 194 1
45 223 1
45 347 1
46 37 1
46 66 1
46 95 1
46 109 1
46 132 3
46 149 1
46 510 1
47 12 1
47 33 1
47 58 1
47 81 1
47 112 1
47 150 2
47 154 1
47 191 1
47 284 1
47 393 1
47 478 1
48 12 1
48 16 1
48 105 1
48 115 1
48 142 1
48 161 1
48 180 1
49 42 1
49 71 1
49 83 1
49 99 1
49 117 2
49 129 1
49 150 1
49 157 1
49 190 1
49 199 1
49 450 1
50 31 2
50 40 1
50 49 1
50 55 1
50 66 1
50 67 1
50 104 1
50 122 1
50 124 1
50 135 1
50 244 3
50 420 1
51 77 1
51 82 1
51 101 1
51 112 1
51 119 1
51 164 1
51 222 1
51 539 1
52 12 1
52 106 1
52 143 1
52 166 1
52 199 1
52 207 1
52 252 1
52 301 1
52 577 1
53 16 1
53 78 1
53 84 1
53 97 1
53 114 1
53 161 1
53 165 1
53 423 1
54 3 1
54 21 1
54 78 1
54 88 1
54 90 1
54 113 1
54 160 1
54 172 1
54 289 1
54 355 1
54 545 1
55 30 1
55 31 1
55 44 1
55 50 1
55 132 1
55 148 1
55 154 1
55 157 1
55 583 1
56 24 1
56 47 1
56 78 1
56 97 2
56 113 1
56 179 1
56 189 2
56 487 1
56 544 1
57 0 1
57 25 1
57 59 1
57 88 1
57 94 1
57 105 1
57 120 1
57 186 2
57 196 2
57 287 1
58 39 1
58 48 1
58 99 1
58 106 1
58 109 1
58 119 1
58 164 1
58 181 1
58 262 1
58 314 1
58 385 1
59 4 1
59 11 1
59 57 1
59 66 1
59 70 1
59 71 1
59 99 1
59 118 1
59 122 1
59 131 1
59 134 2
59 424 1
60 45 1
60 52 1
60 54 1
60 99 1
60 115 1
60 134 1
60 160 1
60 197 2
60 465 1
60 503 1
60 594 1
61 91 1
61 103 1
61 131 1
61 132 1
61 134 1
61 148 1
61 180 2
61 229 1
62 6 2
62 92 1
62 539 1
63 20 1
63 30 1
63 32 1
63 84 1
63 97 1
63 162 1
63 189 1
63 529 1
63 588 1
64 14 1
64 36 1
64 43 1
64 111 1
64 115 1
64 145 1
64 157 1
64 168 1
64 169 1
64 180 1
64 495 1
64 526 1
64 587 1
65 51 1
65 64 1
65 71 1
65 78 1
65 119 1
65 129 1
65 181 1
65 198 1
65 481 1
65 522 1
66 46 1
66 71 1
66 101 1
66 106 1
66 144 1
66 169 2
66 198 1
66 203 1
66 482 1
66 517 1
67 3 1
67 5 1
67 10 1
67 20 1
67 29 1
67 106 1
67 111 1
67 129 1
67 193 1
68 1 1
68 47 1
68 93 1
68 134 1
68 143 1
68 155 1
68 444 1
69 56 1
69 72 1
69 84 1
69 88 1
69 113 1
69 125 1
69 131 1
69 133 1
69 145 1
69 175 1
69 197 1
69 312 1
70 6 1
70 17 1
70 52 1
70 55 1
70 107 1
70 109 1
70 125 1
70 145 1
70 155 1
70 178 1
70 191 1
70 197 1
70 284 1
70 326 3
70 584 1
71 59 1
71 66 1
71 81 1
71 96 1
71 118 1
71 123 1
71 128 1
71 152 1
71 153 1
72 64 1
72 84 1
72 116 1
72 123 2
72 127 1
72 140 1
72 180 1
72 377 1
73 1 1
73 8 1
73 17 1
73 18 1
73 44 1
73 65 1
73 84 1
73 151 1
73 188 1
73 196 1
73 229 1
73 401 1
74 40 3
74 95 1
74 107 2
74 113 1
74 117 1
74 125 1
74 149 1
74 162 1
74 199 1
74 205 1
74 291 2
74 478 1
74 541 1
75 12 1
75 20 2
75 34 1
75 81 1
75 155 1
75 420 1
75 548 2
76 3 1
76 12 1
76 28 1
76 55 1
76 77 1
76 95 1
76 99 1
76 112 1
76 117 2
76 133 1
76 134 1
76 358 1
76 592 2
77 11 1
77 15 1
77 39 2
77 68 1
77 90 1
77 108 1
77 133 1
77 139 1
77 169 1
77 424 1
78 6 1
78 54 2
78 65 1
78 96 1
78 110 1
78 150 1
78 172 1
78 199 1
78 231 1
78 510 1
78 534 1
79 25 1
79 53 1
79 90 2
79 121 1
79 140 1
79 155 1
79 178 1
79 188 1
80 1 1
80 17 1
80 118 2
80 135 3
80 163 1
80 173 1
80 182 1
81 2 2
81 29 1
81 38 1
81 47 2
81 60 1
81 125 1
81 159 1
81 175 1
81 176 1
81 499 1
82 4 1
82 13 1
82 25 1
82 51 1
82 77 1
82 83 1
82 94 1
82 96 1
82 164 1
82 190 1
82 260 1
82 320 1
82 326 2
82 451 1
82 508 1
83 17 1
83 38 1
83 39 1
83 82 1
83 130 1
83 199 1
83 364 1
84 21 1
84 23 1
84 72 1
84 97 1
84 107 1
84 131 1
84 153 1
84 185 1
84 199 1
84 401 3
84 466 1
84 576 1
85 13 1
85 78 1
85 132 1
85 135 1
85 148 1
85 172 1
85 194 1
85 195 1
86 61 1
86 118 1
86 144 1
86 189 1
86 257 1
87 30 1
87 34 1
87 44 1
87 160 1
87 174 1
87 197 1
87 224 1
87 280 1
87 468 1
87 568 1
88 16 1
88 38 1
88 54 1
88 100 1
88 103 1
88 124 1
88 157 1
88 164 1
88 176 2
88 458 1
89 26 1
89 58 1
89 131 1
89 135 1
89 156 1
89 177 1
89 183 1
89 293 1
90 23 1
90 35 1
90 54 2
90 77 1
90 79 1
90 120 1
90 133 1
90 158 1
90 165 1
90 168 1
90 360 1
91 13 1
91 164 1
91 173 1
91 180 1
92 9 1
92 45 1
92 61 1
92 62 2
92 85 1
92 89 1
92 97 1
92 107 1
92 131 1
92 138 1
92 149 1
92 151 1
92 162 1
92 166 1
92 174 1
92 178 1
92 310 1
92 445 2
93 2 1
93 22 1
93 41 1
93 68 2
93 106 1
93 123 1
93 127 1
93 135 1
93 143 1
93 165 1
93 183 1
94 10 1
94 16 1
94 43 1
94 97 1
94 110 1
94 131 1
94 148 1
94 185 1
94 457 1
95 16 1
95 74 1
95 76 1
95 81 1
95 110 1
95 138 1
95 151 1
95 152 1
95 172 1
95 414 1
95 560 1
95 579 1
96 69 1
96 82 2
96 118 1
96 122 1
96 141 1
96 177 1
96 179 1
96 182 1
96 192 1
96 208 1
97 7 1
97 8 1
97 44 1
97 56 1
97 74 1
97 92 1
97 107 2
97 123 1
97 135 1
97 156 1
97 169 1
97 252 2
98 14 1
98 67 1
98 103 1
98 117 1
98 133 1
98 142 1
98 159 1
98 160 1
98 181 1
98 270 1
99 1 1
99 10 1
99 40 1
99 55 1
99 72 1
99 104 1
99 121 1
99 137 1
99 174 1
99 185 1
99 193 1
99 221 1
99 414 1
99 593 1
100 3 1
100 26 1
100 30 1
100 33 1
100 154 1
100 167 1
100 169 1
100 189 1
100 253 1
101 12 1
101 27 1
101 50 1
101 71 1
101 103 1
101 105 1
101 113 3
101 143 1
101 145 1
101 149 1
101 161 2
101 183 1
102 12 1
102 29 1
102 35 1
102 118 1
102 132 1
102 145 1
102 185 1
102 338 1
102 540 1
103 18 3
103 98 1
103 104 1
103 107 1
103 210 1
103 409 1
104 50 1
104 62 2
104 103 2
104 167 1
104 181 1
104 198 1
104 416 1
105 25 1
105 29 1
105 34 1
105 36 1
105 51 1
105 65 1
105 109 1
105 113 1
105 128 1
105 165 1
105 192 1
105 193 1
105 226 1
106 24 1
106 30 1
106 52 1
106 91 1
106 123 1
106 155 1
106 158 1
106 169 1
106 227 1
107 32 1
107 69 1
107 74 1
107 81 1
107 84 1
107 85 1
107 86 1
107 97 1
107 100 1
107 108 1
107 288 1
107 498 1
108 26 1
108 86 1
108 99 1
108 119 1
108 139 1
108 156 1
108 173 1
108 192 1
108 195 1
108 198 1
108 462 1
108 475 1
109 67 1
109 70 1
109 105 1
109 119 1
109 134 1
109 135 1
109 138 1
109 150 1
109 175 1
109 179 1
109 194 1
109 196 1
109 428 1
110 78 1
110 123 1
110 127 1
110 402 2
111 5 1
111 43 1
111 51 1
111 67 1
111 78 1
111 80 1
111 83 1
111 107 1
111 116 1
111 126 1
111 140 1
111 190 1
112 19 1
112 42 1
112 176 1
112 190 1
112 283 1
112 540 1
113 28 1
113 54 1
113 69 1
113 101 1
113 105 1
113 173 1
113 175 1
113 176 1
113 244 1
113 371 1
114 1 1
114 42 1
114 72 1
114 140 1
114 157 1
114 290 1
115 6 1
115 14 1
115 48 1
115 60 1
115 106 1
115 132 1
115 158 1
115 165 1
115 169 1
115 199 1
115 228 1
115 326 1
115 382 1
116 5 1
116 8 2
116 20 1
116 23 1
116 42 1
116 72 1
116 111 1
116 113 1
116 183 1
116 198 1
116 257 1
117 10 1
117 31 1
117 49 1
117 66 1
117 76 1
117 98 1
117 99 1
117 141 1
117 162 1
117 226 1
117 524 1
117 537 1
118 78 1
118 80 1
118 94 1
118 98 1
118 101 1
118 106 1
118 128 1
118 148 1
119 0 3
119 3 3
119 51 1
119 67 1
119 86 1
119 94 1
119 108 1
119 115 1
119 118 1
119 146 1
119 151 1
119 167 1
119 196 1
119 506 1
120 16 1
120 24 1
120 35 1
120 57 1
120 104 1
120 127 1
120 184 1
120 352 1
121 35 1
121 79 1
121 99 1
121 123 1
121 132 1
121 198 1
121 466 2
121 536 1
122 3 1
122 5 2
122 40 2
122 50 1
122 59 2
122 67 1
122 115 1
122 135 1
122 137 1
122 155 1
122 410 1
122 457 2
123 19 1
123 40 1
123 72 1
123 79 1
123 98 1
123 110 1
123 134 1
123 140 1
123 167 2
123 176 1
123 185 1
123 303 1
123 373 1
123 523 2
124 0 1
124 8 1
124 16 1
124 46 1
124 62 1
124 88 1
124 159 1
124 210 1
124 237 1
125 15 2
125 23 2
125 27 1
125 70 1
125 81 1
125 115 1
125 132 1
125 166 1
126 4 1
126 91 1
126 101 1
126 111 1
126 128 1
126 129 1
126 160 1
127 69 1
127 72 1
127 93 1
127 101 1
127 110 1
127 120 2
127 174 1
127 179 3
127 357 1
128 22 1
128 29 1
128 44 1
128 61 1
128 71 1
128 81 1
128 105 1
128 118 1
128 126 2
128 137 1
128 149 1
128 175 1
128 182 1
128 285 1
128 311 1
128 322 1
129 21 1
129 39 1
129 40 1
129 65 1
129 67 1
129 96 1
129 120 1
129 126 1
129 141 1
129 157 1
129 228 1
129 402 1
129 543 1
129 574 1
130 11 1
130 64 1
130 74 1
130 88 1
130 144 1
130 149 1
130 161 1
130 162 1
130 460 1
130 567 1
131 31 1
131 46 1
131 61 1
131 69 1
131 92 1
131 115 1
131 134 1
131 150 1
131 154 1
131 185 1
131 506 1
131 590 1
132 5 1
132 46 1
132 55 2
132 59 1
132 71 1
132 73 1
132 85 1
132 102 1
132 142 1
132 165 1
132 168 1
132 489 1
132 496 2
132 535 1
133 11 2
133 23 1
133 50 1
133 52 1
133 90 1
133 98 1
133 116 1
133 185 1
134 5 1
134 46 1
134 59 1
134 61 1
134 68 1
134 102 1
134 109 2
134 186 2
134 199 1
134 331 1
135 17 1
135 50 1
135 80 1
135 89 1
135 93 1
135 109 1
135 130 1
135 141 1
135 161 1
135 182 1
136 1 1
136 44 1
136 50 1
136 67 1
136 84 1
136 95 1
136 106 1
136 107 1
136 119 1
136 135 1
136 169 1
136 197 1
136 521 1
137 5 1
137 31 1
137 39 1
137 70 1
137 104 1
137 107 1
137 115 1
137 117 1
137 122 2
137 128 1
137 325 1
138 18 1
138 77 1
138 86 1
138 92 1
138 95 1
138 174 1
138 369 1
139 86 1
139 163 1
139 168 1
139 178 1
139 197 1
140 16 1
140 92 1
140 141 1
140 156 1
140 159 2
140 168 1
140 172 1
140 268 1
141 140 1
141 149 1
141 158 1
142 2 1
142 45 1
142 48 1
142 66 1
142 122 1
142 151 1
142 155 1
142 371 1
142 592 1
143 20 1
143 42 2
143 53 1
143 93 1
143 101 2
143 105 1
143 117 1
143 140 1
143 144 1
143 153 1
143 183 1
143 189 1
143 200 1
143 211 1
143 383 1
144 0 1
144 29 1
144 62 1
144 67 1
144 86 1
144 93 1
144 96 1
144 130 1
144 197 1
144 360 1
144 468 1
145 9 1
145 19 1
145 25 1
145 29 1
145 32 1
145 64 1
145 74 1
145 76 1
145 112 1
145 161 1
145 163 1
145 285 1
146 48 1
146 91 1
146 119 1
146 176 1
147 70 1
147 90 1
147 127 1
147 146 1
147 565 1
148 58 1
148 71 1
148 188 1
148 189 1
148 303 1
149 27 1
149 35 1
149 44 2
149 46 1
149 48 1
149 74 1
149 101 3
149 107 1
149 120 1
149 128 1
149 130 2
149 141 1
149 197 1
149 429 2
149 584 1
150 4 1
150 13 1
150 14 2
150 47 1
150 109 1
150 131 1
150 146 1
150 152 1
150 184 1
150 198 1
150 250 1
150 543 1
151 16 1
151 48 1
151 61 1
151 65 1
151 73 1
151 76 1
151 79 1
151 92 1
151 95 1
151 99 1
151 119 1
151 142 1
151 182 1
151 186 2
151 192 1
151 203 1
152 59 1
152 71 1
152 118 1
152 173 1
152 193 1
152 265 1
152 465 1
153 20 1
153 44 1
153 47 1
153 71 2
153 84 1
153 143 3
153 176 1
153 551 1
154 3 1
154 9 2
154 22 1
154 36 1
154 47 1
154 100 1
154 152 1
154 155 1
154 174 1
154 383 1
154 528 1
154 540 1
155 11 1
155 66 1
155 71 1
155 78 1
155 79 2
155 81 1
155 106 1
155 122 1
155 137 1
155 147 1
155 580 1
156 0 1
156 29 1
156 108 1
156 139 1
156 155 1
156 184 1
156 370 1
156 512 1
157 14 1
157 64 1
157 82 1
157 113 1
157 114 2
157 129 1
157 177 1
157 187 1
157 190 1
157 199 1
157 569 1
158 4 1
158 8 1
158 11 1
158 33 1
158 40 1
158 89 1
158 106 1
158 117 1
158 132 1
158 163 1
159 14 1
159 32 1
159 46 1
159 83 1
159 98 1
159 104 1
159 124 1
159 140 2
159 190 1
159 199 1
159 583 1
160 21 1
160 30 1
160 60 1
160 103 1
160 178 1
160 276 1
161 27 1
161 31 1
161 48 1
161 101 1
161 134 1
161 145 1
161 150 1
161 263 1
161 419 1
161 455 2
162 8 1
162 20 1
162 28 1
162 48 1
162 76 1
162 80 1
162 124 1
162 130 1
162 132 2
162 165 1
162 171 1
162 173 1
162 187 1
162 194 1
162 386 1
162 556 1
163 0 1
163 14 1
163 28 1
163 76 1
163 101 1
163 139 1
163 145 1
163 166 1
163 245 1
164 25 1
164 29 1
164 91 1
164 118 2
164 150 1
164 171 1
164 180 1
164 547 1
165 33 1
165 88 1
165 115 1
165 155 1
165 162 1
165 182 1
165 292 1
165 407 1
166 26 1
166 45 1
166 67 1
166 92 1
166 163 1
167 29 1
167 51 1
167 66 1
167 69 1
167 79 1
167 119 1
167 120 1
167 174 1
167 182 1
167 425 1
168 72 1
168 87 1
168 132 1
168 136 1
168 183 1
169 7 1
169 45 1
169 64 1
169 66 1
169 97 1
169 108 1
169 125 1
169 136 1
169 153 1
169 394 2
169 495 1
169 502 1
170 1 1
170 37 1
170 43 1
170 62 1
170 85 1
170 134 1
170 184 1
170 322 1
171 21 1
171 34 1
171 69 1
171 98 1
171 162 1
171 164 1
171 178 1
171 185 1
172 11 1
172 17 1
172 64 1
172 85 1
172 95 1
172 121 1
172 218 1
173 7 1
173 46 1
173 148 1
173 152 1
173 190 1
174 27 1
174 127 1
174 134 1
174 138 1
174 167 1
175 5 1
175 17 1
175 30 1
175 56 1
175 81 1
175 128 1
175 140 1
175 158 1
175 547 1
176 16 1
176 19 1
176 88 1
176 113 1
176 147 1
176 157 1
176 199 1
176 245 1
176 317 1
176 461 1
177 35 1
177 96 1
177 181 1
177 182 1
177 196 1
177 199 1
177 289 1
178 5 1
178 70 1
178 79 1
178 135 1
178 139 1
178 160 1
178 182 1
178 198 1
178 391 1
179 22 1
179 25 1
179 45 1
179 56 2
179 78 1
179 109 1
179 127 1
179 190 1
179 327 1
179 510 1
180 17 1
180 61 1
180 64 1
180 72 1
180 87 1
180 97 1
180 277 1
180 298 1
180 438 1
181 9 1
181 68 1
181 77 1
181 98 1
181 158 1
181 163 1
181 196 1
181 313 1
182 18 1
182 22 1
182 24 1
182 80 3
182 96 1
182 103 1
182 128 1
182 135 1
182 142 1
182 151 1
182 167 1
182 188 1
182 193 1
182 367 1
182 370 1
182 371 1
183 11 3
183 101 1
183 140 1
183 143 1
183 181 1
183 498 1
183 576 1
184 24 1
184 30 1
184 40 1
184 62 1
184 120 1
184 150 1
184 156 2
184 167 1
184 211 1
184 343 1
184 399 1
185 21 1
185 22 1
185 29 1
185 45 1
185 46 1
185 99 1
185 102 2
185 113 1
185 133 2
185 137 1
185 140 1
185 158 1
185 179 1
185 424 1
185 465 1
186 3 1
186 15 3
186 37 1
186 44 1
186 57 1
186 126 1
186 131 1
186 134 3
186 151 1
186 159 1
187 16 1
187 80 1
187 157 1
187 183 1
188 3 1
188 18 1
188 41 1
188 79 1
188 104 1
188 109 1
188 114 1
188 115 1
188 338 1
188 375 2
189 17 1
189 29 1
189 35 1
189 50 1
189 56 2
189 63 2
189 86 1
189 113 1
189 154 1
189 168 1
189 190 1
190 61 1
190 90 1
190 112 1
190 122 1
190 127 2
190 137 1
190 138 1
190 179 1
190 365 1
191 1 1
191 13 2
191 18 1
191 62 1
191 65 1
191 70 1
191 85 1
191 97 1
191 125 1
191 169 1
192 19 1
192 48 1
192 87 1
192 105 1
192 108 1
192 125 1
192 146 1
192 153 1
192 194 1
192 207 1
192 308 1
192 345 1
192 398 1
192 444 1
192 512 1
192 517 1
193 15 1
193 132 1
193 178 1
193 182 1
193 312 1
193 333 1
193 517 1
194 12 1
194 21 1
194 30 1
194 83 1
194 88 1
194 134 1
194 162 1
194 166 1
194 176 1
194 192 1
194 248 1
194 270 1
195 13 1
195 64 1
195 85 1
195 173 1
196 11 2
196 36 1
196 45 1
196 57 1
196 63 1
196 64 1
196 88 1
196 109 1
196 301 1
196 446 1
196 450 1
197 8 1
197 29 1
197 40 1
197 60 1
197 69 1
197 74 1
197 85 1
197 87 1
197 101 1
197 107 1
197 142 1
197 144 1
197 156 1
198 65 1
198 97 1
198 101 1
198 113 1
198 167 1
198 340 1
199 24 1
199 49 1
199 52 1
199 78 1
199 83 1
199 84 1
199 115 1
199 134 1
199 143 1
199 149 1
199 156 1
199 170 1
199 184 1
199 475 1
199 498 1
199 589 2
200 211 1
200 278 1
200 279 1
200 325 1
200 344 1
200 365 1
200 391 2
200 397 1
200 521 1
201 225 1
201 261 1
201 268 1
201 303 1
201 338 1
201 368 1
202 16 1
202 41 1
202 49 1
202 205 3
202 212 1
202 276 2
202 326 1
202 348 1
202 361 1
202 425 1
203 13 1
203 216 1
203 263 1
203 273 1
203 278 1
203 354 1
203 362 1
203 388 1
203 482 1
204 233 1
204 259 1
204 269 1
204 278 1
204 320 1
204 353 1
204 359 1
204 370 1
204 395 1
204 398 1
204 410 1
204 415 1
204 459 1
204 554 1
205 202 1
205 213 1
205 214 1
205 223 1
205 261 1
205 292 1
205 351 1
205 373 1
205 389 1
206 337 1
206 351 1
206 404 1
206 427 1
206 517 1
206 576 1
207 192 1
207 212 1
207 222 1
207 270 1
207 277 1
207 304 1
207 343 1
207 356 1
207 400 1
207 435 1
208 129 1
208 242 1
208 259 1
208 265 1
208 295 1
208 327 1
208 395 1
209 220 1
209 226 1
209 260 1
209 290 1
209 293 1
210 103 1
210 124 1
210 272 1
210 274 1
210 295 1
210 321 1
210 427 1
210 552 2
211 184 1
211 205 1
211 228 1
211 242 1
211 258 1
211 273 1
211 276 1
211 291 1
211 296 1
211 361 1
211 474 1
212 18 1
212 201 2
212 226 1
212 268 2
212 282 1
212 292 1
212 299 1
212 313 1
212 327 1
212 329 1
212 332 2
212 352 1
212 375 1
212 400 1
213 248 1
213 293 1
213 304 1
213 306 1
213 325 1
213 373 1
214 205 2
214 299 1
214 318 1
214 326 1
214 347 2
214 354 1
214 358 1
214 394 1
215 159 1
215 211 1
215 217 1
215 221 2
215 228 1
215 278 1
215 285 1
215 297 1
215 325 1
215 389 1
216 218 1
216 240 1
216 297 1
216 343 1
216 356 1
216 366 1
216 392 1
217 210 1
217 219 1
217 221 1
217 246 1
217 261 1
217 285 1
217 290 1
217 348 1
218 11 1
218 40 1
218 83 1
218 216 1
218 223 1
218 246 1
218 249 1
218 262 1
218 263 1
218 267 1
218 275 1
218 311 2
218 360 1
218 391 3
219 300 1
219 329 1
219 371 1
219 381 1
219 462 1
220 209 1
220 228 1
220 230 1
220 264 1
220 513 1
221 205 1
221 215 1
221 217 1
221 229 1
221 257 1
221 280 1
221 287 1
221 307 1
221 318 1
221 325 1
221 392 1
221 430 1
221 443 1
222 207 1
222 220 1
222 268 1
222 277 1
222 285 1
222 347 1
222 362 1
222 370 1
222 384 1
222 389 1
223 45 1
223 205 1
223 268 1
223 344 1
223 372 1
224 87 1
224 206 1
224 218 1
224 227 2
224 244 1
224 271 1
224 287 1
224 358 1
224 395 1
225 284 1
225 290 1
225 301 1
225 316 1
225 353 1
225 370 1
225 392 1
225 478 1
225 550 1
226 105 1
226 117 2
226 209 1
226 212 1
226 235 1
226 256 1
226 343 1
226 368 1
226 408 1
226 442 1
227 197 1
227 224 1
227 230 1
227 236 1
227 247 1
227 277 1
227 333 1
227 337 1
227 363 1
227 371 1
227 376 1
227 382 1
227 389 1
228 178 1
228 215 1
228 220 1
228 227 1
228 283 1
228 331 1
228 332 1
228 338 2
228 378 1
229 42 1
229 61 1
229 73 1
229 212 1
229 251 1
229 310 1
229 315 1
229 330 1
229 337 1
229 460 1
229 463 1
229 580 1
230 183 1
230 227 1
230 234 1
230 294 1
230 306 1
230 310 1
230 363 1
230 396 1
230 584 1
230 593 2
231 200 1
231 213 1
231 273 1
231 278 1
231 300 1
231 311 1
231 321 2
231 351 1
232 146 1
232 240 1
232 252 1
232 278 1
232 308 1
232 325 1
232 326 1
233 134 1
233 258 1
233 274 1
233 319 1
233 339 1
233 424 1
234 202 1
234 230 1
234 280 1
234 290 1
234 297 1
234 349 1
234 394 1
234 395 1
234 441 1
235 255 1
235 259 2
235 276 1
235 292 1
235 336 1
235 349 1
235 365 1
235 391 1
235 398 1
235 529 3
236 198 1
236 227 1
236 235 1
236 249 1
236 284 1
236 306 1
236 327 1
236 368 1
237 212 1
237 227 1
237 234 1
237 268 1
237 310 1
237 520 1
237 581 1
238 219 1
238 230 1
238 277 1
238 301 1
238 359 1
238 360 1
238 366 1
239 256 1
239 278 1
239 389 1
240 145 1
240 229 1
240 255 2
240 260 1
240 280 1
240 304 1
240 332 1
240 344 1
240 357 1
240 366 1
240 566 1
241 190 1
241 264 1
241 269 1
241 343 1
241 373 1
241 390 1
241 412 1
241 464 1
242 101 1
242 140 1
242 191 1
242 201 1
242 208 1
242 211 1
242 282 1
242 361 1
243 120 1
243 220 1
243 234 1
243 270 1
243 281 1
243 289 1
243 338 2
243 342 1
243 397 1
243 465 1
244 50 1
244 69 1
244 259 1
244 274 1
244 277 1
244 278 1
244 311 2
244 332 1
244 342 1
245 2 1
245 31 1
245 176 1
245 338 1
245 367 2
246 150 1
246 218 1
246 225 1
246 243 1
246 287 1
246 376 1
246 462 1
247 183 1
247 307 1
247 312 1
247 331 1
247 355 1
247 431 1
248 226 1
248 283 1
248 330 1
248 399 1
249 279 1
249 284 1
249 293 1
249 317 1
249 319 1
249 454 1
249 547 1
249 558 1
250 27 1
250 285 1
250 302 1
250 308 1
250 379 1
250 591 1
251 209 1
251 229 1
251 247 1
251 253 1
251 277 1
251 291 1
251 339 1
251 351 1
251 356 1
251 530 1
252 97 1
252 210 1
252 283 1
252 292 2
252 321 1
252 326 1
252 391 1
252 432 2
253 67 1
253 100 1
253 221 1
253 245 1
253 293 1
253 316 1
253 332 2
254 233 1
254 340 1
254 341 1
254 354 1
254 390 1
254 396 1
255 235 1
255 254 1
255 268 1
255 282 1
255 296 1
255 298 1
255 347 1
255 366 1
255 368 1
255 391 1
255 399 1
255 490 1
256 217 1
256 251 1
256 282 1
256 288 1
256 303 1
256 325 1
256 332 1
256 341 1
256 360 1
256 397 1
257 210 1
257 224 1
257 239 1
257 240 1
257 263 2
257 307 1
257 335 1
257 353 1
257 381 1
257 393 1
257 565 1
258 46 1
258 211 1
258 233 1
258 243 1
258 244 1
258 278 1
258 282 1
258 323 1
258 332 1
258 345 1
259 235 1
259 261 1
259 294 1
259 355 1
259 357 1
259 375 1
259 382 1
260 82 1
260 213 1
260 240 1
260 256 1
260 261 1
260 287 1
260 317 1
260 324 1
260 335 1
260 348 1
260 354 1
260 363 2
260 405 1
261 205 2
261 212 1
261 217 1
261 255 1
261 259 1
261 293 1
261 298 1
261 311 1
261 371 1
261 392 1
261 421 1
261 566 1
262 58 1
262 123 1
262 199 1
262 244 1
262 246 1
262 274 1
262 323 1
262 384 1
263 161 1
263 257 2
263 258 1
263 268 1
263 275 1
263 277 1
263 290 1
263 314 1
263 319 1
263 322 1
263 327 1
263 330 1
264 3 1
264 236 1
264 241 2
264 305 1
264 375 1
265 152 1
265 210 1
265 263 1
265 331 1
265 337 1
265 354 1
265 381 1
265 388 1
265 399 1
266 118 1
266 226 1
266 278 2
266 320 1
266 339 1
266 349 1
266 416 1
267 218 2
267 276 1
267 335 1
267 352 1
267 374 1
267 375 1
268 1 1
268 201 1
268 211 1
268 222 1
268 255 1
268 269 1
268 271 1
268 320 1
268 321 1
268 390 1
269 204 2
269 241 1
269 267 1
269 300 1
269 389 1
269 393 1
270 19 1
270 98 1
270 164 1
270 204 1
270 274 1
270 308 1
270 319 1
270 338 1
270 373 1
270 434 1
271 199 1
271 224 1
271 268 2
271 283 4
271 321 1
271 336 1
271 340 1
271 363 1
271 378 1
272 232 1
272 237 1
272 327 1
272 332 1
273 96 1
273 205 1
273 211 1
273 231 1
273 312 2
273 343 1
273 390 1
273 391 1
273 568 2
274 244 2
274 262 1
274 279 1
274 288 1
274 311 1
274 353 1
274 381 1
274 411 1
274 482 1
274 521 1
274 581 1
275 218 1
275 233 1
275 263 1
275 285 1
275 290 1
275 293 1
275 294 1
275 356 1
275 369 1
275 375 1
276 202 1
276 211 1
276 217 1
276 280 2
276 383 1
276 386 1
277 200 1
277 227 1
277 238 1
277 244 1
277 280 1
277 281 2
277 296 1
277 321 1
277 335 1
277 341 1
277 350 1
277 358 2
277 399 1
277 497 1
277 591 1
278 145 1
278 200 1
278 222 1
278 232 1
278 239 1
278 244 2
278 266 1
278 285 1
278 286 1
278 314 1
278 388 1
279 67 1
279 200 1
279 249 1
279 314 1
279 391 1
279 426 3
279 551 1
280 15 1
280 87 1
280 105 1
280 172 1
280 234 2
280 256 1
280 336 1
280 360 1
280 379 1
280 395 1
281 224 1
281 277 1
281 293 1
281 341 1
281 356 1
282 258 1
282 278 1
282 300 1
282 309 1
282 313 1
282 332 1
282 341 1
282 363 1
283 12 1
283 129 1
283 245 1
283 271 1
283 301 1
283 303 1
283 334 1
283 363 2
283 373 1
283 396 1
283 529 1
284 70 1
284 220 1
284 222 1
284 287 2
284 306 1
284 353 1
284 362 1
284 363 1
284 374 1
284 398 1
284 406 1
284 493 1
284 573 1
285 10 1
285 145 2
285 197 1
285 225 1
285 250 1
285 304 1
285 318 1
285 328 1
285 337 1
285 351 1
285 384 1
285 552 1
285 568 1
286 217 1
286 224 1
286 255 1
286 278 1
286 373 1
286 399 1
286 590 1
286 592 1
287 57 1
287 211 1
287 223 1
287 246 1
287 284 1
287 286 1
287 312 1
287 315 1
287 318 1
287 320 1
287 325 2
287 365 2
288 197 1
288 204 1
288 209 1
288 232 1
288 238 1
288 256 1
288 268 1
288 272 1
288 297 2
288 304 1
288 355 1
288 388 1
288 389 1
288 540 1
289 177 1
289 226 1
289 234 1
289 255 1
289 278 1
289 322 1
289 354 1
290 204 1
290 225 1
290 226 1
290 230 1
290 234 2
290 235 1
290 275 1
290 284 1
290 340 1
290 366 1
290 378 1
290 380 1
290 388 1
290 460 1
291 74 1
291 172 1
291 293 1
291 300 1
291 320 1
291 324 1
291 335 1
292 31 1
292 165 1
292 235 1
292 252 1
292 277 1
292 302 1
292 352 1
292 359 1
292 366 1
292 418 1
293 209 1
293 213 1
293 268 1
293 281 1
293 310 1
294 217 1
294 262 1
294 315 2
294 323 1
294 328 1
294 387 1
295 253 1
295 262 1
295 269 1
295 304 1
295 309 1
295 335 1
295 367 1
295 379 1
296 35 1
296 219 1
296 251 1
296 255 1
296 256 1
296 277 1
296 307 1
296 369 1
296 372 1
296 390 1
296 534 1
296 572 1
297 44 1
297 216 2
297 286 1
297 288 1
297 308 1
297 325 1
297 572 1
298 225 1
298 234 1
298 261 1
298 280 1
298 294 1
298 323 1
298 358 1
298 392 1
298 393 1
298 532 1
299 288 1
299 319 1
299 328 1
299 347 1
299 370 1
299 524 1
300 123 1
300 243 2
300 269 1
300 292 1
300 329 1
300 333 1
300 359 1
300 366 1
300 376 1
300 383 1
300 420 1
300 428 1
301 9 1
301 52 1
301 326 1
301 361 1
301 379 1
301 399 1
301 464 1
301 539 1
301 551 1
302 53 1
302 230 1
302 281 1
302 291 1
302 293 1
302 319 1
302 358 2
302 370 1
302 383 1
303 206 1
303 256 1
303 283 1
303 320 1
303 323 1
303 346 1
303 359 1
303 400 1
304 144 1
304 218 1
304 240 1
304 328 1
304 329 1
304 365 1
304 579 1
305 239 1
305 240 1
305 246 1
305 264 1
305 278 1
305 289 1
305 301 1
305 307 1
305 332 1
305 364 1
305 402 1
306 142 1
306 225 1
306 236 1
306 298 1
306 307 1
306 381 1
306 398 1
306 530 1
307 221 1
307 247 1
307 257 1
307 263 1
307 296 1
307 305 2
307 306 1
307 317 1
307 333 1
307 395 1
308 192 1
308 217 1
308 219 1
308 243 1
308 260 1
308 264 1
308 267 1
308 282 1
308 297 1
308 349 1
308 375 1
308 377 1
308 385 1
308 394 1
308 401 1
309 282 1
309 284 1
309 306 1
309 320 1
309 332 1
309 344 1
310 237 1
310 318 1
310 340 1
310 379 1
310 402 1
310 437 1
311 128 1
311 208 1
311 218 1
311 244 1
311 269 1
311 318 1
311 321 1
311 397 1
312 69 2
312 194 1
312 273 1
312 356 1
312 366 1
312 387 1
312 462 1
313 238 1
313 283 1
313 289 1
313 331 2
313 380 1
314 58 1
314 77 1
314 201 1
314 223 1
314 251 1
314 263 1
314 300 1
314 310 1
314 317 1
314 398 1
314 422 1
314 510 2
315 65 1
315 215 1
315 229 1
315 242 1
315 247 1
315 294 1
315 321 1
315 346 1
315 373 1
315 377 1
315 396 1
316 289 1
316 290 1
316 325 1
316 356 1
316 380 1
316 494 1
317 258 1
317 267 1
317 269 1
317 304 1
317 331 1
317 354 1
317 356 1
317 357 1
317 393 1
318 214 1
318 215 1
318 218 1
318 242 1
318 251 1
318 255 1
318 275 2
318 287 1
318 312 1
318 334 1
318 335 1
318 349 1
318 374 1
318 434 1
319 1 1
319 237 1
319 248 1
319 251 1
319 258 1
319 263 1
319 280 1
319 298 1
319 302 1
319 328 1
319 338 1
319 343 1
319 438 1
320 214 1
320 266 1
320 287 1
320 291 2
320 303 1
320 309 2
320 337 1
320 360 1
320 368 1
320 384 1
321 210 2
321 252 1
321 255 1
321 263 1
321 271 2
321 277 1
321 390 1
322 98 1
322 171 1
322 204 1
322 226 1
322 239 1
322 343 1
322 448 1
323 214 1
323 242 1
323 294 1
323 303 1
323 311 1
323 338 1
323 372 1
323 373 1
323 390 1
323 392 1
324 110 1
324 216 1
324 218 1
324 249 1
324 260 1
324 265 1
324 291 1
324 308 2
324 327 1
324 328 1
324 352 1
324 361 1
324 364 1
324 500 1
325 61 1
325 200 1
325 213 1
325 287 1
325 292 1
325 303 1
325 327 2
326 70 1
326 82 1
326 89 1
326 201 1
326 214 1
326 252 1
326 263 1
326 291 1
326 300 1
326 333 2
326 374 1
326 549 1
327 212 1
327 236 1
327 301 1
327 325 1
327 362 1
327 376 1
327 529 1
328 105 1
328 280 1
328 304 1
328 305 1
328 312 1
328 319 2
328 357 1
328 381 1
328 392 1
328 413 1
329 78 1
329 236 1
329 253 1
329 294 1
329 304 1
329 354 1
329 360 1
329 371 1
329 373 1
329 495 1
330 229 1
330 257 1
330 326 1
330 355 1
330 358 2
330 378 1
330 399 1
330 502 1
331 134 2
331 201 1
331 206 1
331 228 1
331 247 2
331 308 1
331 313 1
331 317 1
331 340 1
331 357 1
331 513 1
332 158 1
332 212 1
332 253 1
332 277 1
332 282 1
332 292 1
332 305 1
332 344 1
332 435 1
332 566 1
333 52 1
333 193 1
333 267 1
333 304 1
333 307 1
333 326 1
333 356 1
333 358 1
333 397 1
333 578 1
334 211 1
334 217 1
334 283 1
334 331 1
334 332 1
334 390 1
334 398 1
334 539 1
335 155 1
335 205 1
335 235 1
335 260 1
335 277 2
335 291 1
335 314 1
335 332 1
335 363 1
335 403 1
336 235 1
336 280 1
336 321 1
336 349 1
336 373 1
336 377 1
336 444 1
337 225 1
337 244 1
337 276 1
337 282 1
337 285 2
337 310 1
337 316 1
337 355 1
337 362 1
337 374 1
338 32 1
338 228 1
338 251 1
338 547 1
339 208 1
339 229 2
339 233 1
339 251 1
339 345 1
339 356 1
339 367 1
339 374 1
339 380 1
340 198 1
340 271 3
340 273 1
340 290 1
340 298 1
340 310 1
340 331 1
340 369 1
341 256 1
341 277 2
341 314 1
341 350 1
341 353 1
341 354 1
341 381 1
341 448 1
341 454 1
342 203 1
342 209 1
342 223 1
342 365 1
342 375 1
342 388 1
343 42 1
343 184 1
343 238 1
343 241 2
343 248 1
343 304 1
343 347 1
343 350 1
343 371 1
343 378 1
344 102 1
344 223 2
344 240 1
344 273 1
344 308 1
344 310 1
344 332 1
344 360 1
344 387 2
345 312 1
345 339 1
346 156 1
346 202 1
346 232 1
346 303 1
346 345 1
346 368 1
346 467 1
346 507 1
346 563 1
347 104 1
347 214 1
347 280 1
347 299 1
347 343 1
347 349 1
347 534 1
348 85 1
348 207 1
348 236 1
348 257 1
348 265 1
348 293 1
348 298 1
348 315 1
348 342 1
348 379 1
349 234 1
349 235 1
349 243 1
349 249 1
349 266 1
349 318 1
349 348 1
349 367 1
349 371 1
349 375 2
349 381 1
349 387 1
349 419 1
350 207 1
350 209 1
350 211 1
350 297 1
350 341 1
350 343 2
350 390 1
350 453 1
350 575 1
351 37 1
351 203 1
351 206 3
351 244 1
351 285 1
351 308 1
351 376 1
351 391 1
351 395 1
351 438 2
352 212 2
352 269 1
352 286 1
352 344 1
352 355 1
352 361 1
352 368 1
352 382 1
352 395 1
353 225 1
353 247 1
353 257 2
353 274 1
353 279 1
353 287 1
353 335 1
353 337 1
353 352 1
354 203 1
354 223 1
354 234 1
354 254 1
354 275 1
354 341 1
354 353 1
354 379 1
355 203 1
355 248 1
355 259 2
355 284 1
355 287 1
355 329 1
355 330 1
355 352 1
355 360 1
355 372 1
355 450 1
356 207 2
356 216 1
356 219 1
356 263 1
356 275 1
356 281 1
356 317 1
356 339 1
356 374 1
357 231 1
357 236 1
357 259 1
357 311 1
357 328 1
357 331 2
357 567 2
358 76 1
358 106 1
358 209 1
358 214 1
358 253 1
358 277 1
358 292 1
358 302 1
358 312 1
358 328 1
358 330 1
358 342 1
358 354 1
358 395 3
359 204 1
359 209 1
359 244 1
359 274 1
359 303 1
359 304 1
359 380 1
359 485 1
360 6 1
360 218 1
360 238 2
360 266 1
360 302 1
360 305 1
360 309 1
360 320 1
360 344 1
360 355 1
360 364 1
360 367 2
360 596 1
361 246 1
361 255 1
361 301 1
361 324 1
362 36 1
362 222 1
362 256 1
362 284 1
362 324 1
362 327 1
362 335 1
362 355 1
362 391 1
363 150 1
363 227 2
363 230 1
363 260 1
363 275 1
363 283 1
363 312 1
363 376 1
363 462 1
363 469 1
364 83 1
364 204 1
364 227 2
364 234 1
364 237 1
364 252 1
364 274 1
364 287 1
364 289 1
364 303 1
364 305 1
364 376 1
364 395 1
365 42 1
365 212 1
365 248 1
365 267 1
365 274 1
365 287 1
365 293 1
365 315 1
365 328 1
365 392 1
365 442 1
365 560 1
366 85 1
366 292 1
366 312 1
366 357 1
366 391 1
366 393 1
366 394 1
366 471 1
366 535 1
367 31 1
367 230 1
367 245 1
367 295 1
367 308 1
367 349 1
367 360 1
367 437 1
367 488 1
368 255 1
368 263 1
368 271 1
368 274 1
368 320 1
368 360 1
368 397 1
368 460 1
369 165 1
369 259 1
369 276 1
369 379 1
369 389 1
370 222 1
370 235 1
370 275 1
370 286 1
370 311 1
370 333 1
370 347 1
370 379 1
370 398 2
370 563 1
370 585 1
371 12 1
371 62 1
371 142 1
371 175 1
371 227 1
371 261 2
372 296 3
372 362 1
372 383 1
372 395 2
373 213 1
373 241 1
373 284 1
373 315 1
373 325 1
373 336 1
373 377 1
373 412 1
374 210 1
374 217 1
374 267 1
374 284 1
374 326 1
374 329 1
374 337 1
374 339 1
374 356 2
374 373 1
374 448 1
375 188 1
375 218 1
375 256 1
375 259 1
375 274 1
375 306 1
375 308 1
375 319 1
375 342 1
375 349 2
376 246 1
376 296 1
376 348 1
376 351 1
376 358 1
376 364 3
376 377 1
376 427 1
376 570 1
377 72 1
377 200 1
377 201 1
377 239 1
377 302 1
377 308 1
377 336 1
377 382 1
377 392 1
377 508 1
378 231 1
378 232 1
378 271 1
378 276 1
378 290 1
378 379 1
378 380 1
378 387 1
379 212 1
379 301 1
379 310 1
379 333 1
379 340 1
379 354 1
379 386 1
380 170 1
380 218 1
380 265 1
380 290 1
380 316 1
380 339 1
380 354 1
380 378 1
381 244 1
381 265 1
381 271 1
381 283 1
381 298 1
381 304 1
381 328 2
381 336 1
381 346 1
381 401 1
381 420 1
381 511 1
382 259 1
382 269 1
382 324 1
382 330 1
382 383 1
383 143 1
383 154 1
383 244 1
383 257 1
383 276 1
383 298 1
383 341 1
383 372 2
383 382 1
383 385 1
383 395 1
384 26 1
384 262 1
384 278 1
384 285 1
384 294 1
384 320 2
384 346 1
384 369 1
384 381 1
384 443 1
385 164 1
385 220 1
385 229 1
385 298 1
385 366 1
385 389 1
386 162 1
386 209 1
386 223 1
386 242 1
386 340 1
386 375 1
387 260 1
387 294 2
387 312 1
387 319 1
387 344 1
387 349 1
387 365 1
387 379 1
387 448 1
387 502 1
388 203 1
388 234 1
388 254 1
388 265 1
388 354 1
389 227 1
389 239 1
389 269 2
389 309 1
390 205 1
390 244 1
390 273 1
390 310 1
390 323 1
390 391 1
391 200 1
391 218 1
391 230 1
391 235 2
391 247 1
391 351 1
391 358 1
391 362 1
391 381 1
391 390 1
391 394 1
392 204 1
392 216 1
392 227 1
392 298 1
392 326 1
392 338 1
392 348 1
392 377 1
392 393 1
393 213 1
393 264 1
393 282 1
393 304 1
393 313 1
393 317 1
393 346 1
393 349 1
393 362 1
393 391 1
393 392 3
393 419 1
393 585 1
394 169 1
394 237 1
394 272 1
394 365 2
394 391 1
395 162 1
395 204 1
395 232 1
395 248 1
395 275 1
395 300 1
395 307 1
395 351 2
395 358 1
395 372 1
395 380 1
395 383 1
396 216 1
396 230 1
396 315 1
397 77 1
397 311 1
397 367 1
397 391 1
397 437 1
398 160 1
398 247 1
398 270 1
398 284 1
398 306 1
398 314 1
398 336 1
398 350 1
398 355 1
398 370 1
398 389 1
398 399 1
399 184 1
399 236 1
399 245 1
399 248 1
399 277 1
399 286 2
399 300 1
399 301 1
399 309 1
399 336 2
399 398 1
400 207 1
400 212 1
400 312 1
400 361 1
400 412 1
400 527 1
400 583 1
401 84 1
401 421 1
401 449 1
401 453 1
401 481 1
401 507 1
401 564 1
402 34 1
402 110 1
402 371 1
402 419 1
402 462 1
402 506 1
402 507 1
402 519 1
402 587 1
403 40 1
403 417 1
403 469 1
403 519 1
403 540 1
403 572 1
404 206 1
404 424 1
404 459 1
404 467 1
404 485 1
404 515 1
404 561 1
404 590 1
404 594 2
405 124 1
405 139 1
405 260 1
405 341 1
405 404 1
405 407 1
405 416 1
405 421 1
405 461 1
405 471 1
405 482 1
405 531 1
405 588 1
406 121 1
406 194 1
406 410 1
406 416 1
406 482 1
406 533 1
406 588 1
407 374 1
407 415 1
407 448 1
407 455 1
407 484 1
407 493 1
407 547 1
407 566 1
407 583 1
408 55 1
408 226 1
408 363 1
408 409 1
408 456 1
408 496 1
408 510 1
408 521 1
408 551 1
409 114 1
409 407 1
409 440 1
409 454 1
409 490 1
409 494 1
409 498 2
409 525 1
409 545 1
409 593 1
409 599 1
410 117 1
410 204 1
410 326 1
410 414 1
410 444 1
410 484 1
410 567 1
410 585 1
410 587 1
410 596 2
411 410 1
411 415 1
411 416 1
411 489 1
411 492 1
411 521 1
411 561 3
411 575 1
412 37 1
412 454 1
412 522 1
412 532 1
412 535 1
412 553 1
412 556 1
412 579 1
412 583 1
413 32 1
413 328 1
413 402 1
413 405 1
413 507 1
413 522 1
413 560 1
413 586 1
414 456 1
414 457 1
414 498 1
414 505 1
414 556 1
415 109 1
415 337 1
415 433 1
415 444 1
415 468 1
415 497 1
415 511 1
415 527 1
415 529 1
415 531 1
415 539 1
416 266 1
416 405 1
416 406 1
416 410 2
416 418 1
416 423 1
416 425 1
416 431 1
416 435 1
416 439 2
416 472 1
416 511 1
416 534 1
416 548 1
416 551 1
417 163 1
417 317 1
417 379 1
417 425 1
417 434 1
417 474 1
417 497 1
417 558 1
417 578 1
418 135 1
418 192 1
418 231 1
418 427 1
418 446 1
418 456 1
418 489 1
418 518 1
418 533 1
419 122 1
419 421 1
419 430 1
419 441 1
419 446 1
419 492 1
419 495 1
419 530 1
419 554 1
419 575 1
419 580 1
419 595 1
419 596 1
420 381 1
420 425 1
420 428 1
420 436 1
420 450 1
420 504 1
420 525 1
420 559 1
420 572 1
421 7 1
421 47 1
421 73 1
421 406 1
421 414 1
421 445 1
421 460 1
421 500 2
421 512 1
421 518 1
421 521 1
421 536 1
421 544 1
421 557 1
421 573 1
421 582 1
422 114 1
422 400 1
422 403 1
422 428 1
422 458 1
422 477 1
422 536 1
422 541 1
422 544 1
422 552 1
422 573 1
422 574 1
423 53 1
423 184 1
423 427 1
423 483 1
423 492 1
423 523 1
423 525 1
423 530 1
423 543 1
424 59 1
424 77 1
424 233 1
424 287 1
424 290 1
424 403 1
424 469 1
424 501 1
424 507 1
424 508 1
424 522 1
424 556 1
424 587 2
424 598 1
425 167 1
425 202 1
425 416 2
425 433 1
425 522 1
425 536 1
425 543 1
425 555 1
425 567 1
425 571 1
425 573 1
426 279 1
426 380 1
426 401 1
426 403 1
426 495 1
426 565 1
426 572 1
426 588 1
427 119 1
427 206 1
427 376 1
427 426 1
427 438 1
427 449 1
427 510 1
427 519 1
427 533 1
427 543 1
427 567 1
428 404 1
428 462 1
428 475 1
428 481 1
428 489 1
428 504 2
428 521 1
428 525 1
428 547 1
428 569 1
428 584 2
428 591 1
429 149 1
429 317 1
429 471 1
429 475 1
429 492 1
429 520 1
429 523 1
429 582 1
430 41 1
430 203 1
430 221 1
430 346 1
430 419 1
430 433 1
430 436 2
430 450 2
430 458 1
430 460 1
430 505 1
430 533 1
430 553 1
431 418 1
431 436 1
431 443 1
431 462 1
431 473 1
431 538 1
431 556 2
431 561 1
432 195 1
432 252 1
432 402 1
432 420 1
432 460 1
432 482 1
432 486 1
432 487 1
432 501 1
432 528 1
432 538 1
432 542 1
432 548 1
432 581 1
432 589 1
433 93 1
433 249 1
433 415 1
433 493 1
433 510 1
433 511 1
433 519 1
433 557 1
433 573 1
433 582 1
434 270 1
434 308 1
434 318 1
434 414 1
434 417 2
434 418 1
434 477 1
434 511 1
434 536 1
434 579 1
434 598 1
435 20 1
435 126 1
435 135 1
435 212 1
435 317 1
435 416 2
435 443 1
435 474 1
435 539 1
435 580 1
435 591 1
436 104 1
436 456 1
436 503 1
436 511 1
436 533 1
436 546 1
436 562 1
436 570 1
436 588 1
436 595 1
436 599 1
437 142 1
437 367 1
437 455 1
437 458 1
437 464 1
437 466 1
437 520 1
437 550 1
437 582 1
438 180 1
438 351 1
438 427 1
438 431 1
438 474 1
438 480 1
438 496 1
438 550 2
438 573 1
438 587 1
439 61 1
439 168 1
439 342 1
439 416 1
439 450 1
439 451 2
439 452 1
439 461 1
439 505 1
439 529 1
439 531 2
439 564 1
440 435 1
440 469 1
440 486 1
440 553 1
441 234 1
441 295 1
441 419 1
441 434 1
441 479 1
441 481 1
441 513 1
441 515 1
441 533 1
441 542 1
441 566 1
441 572 1
442 123 1
442 468 1
443 212 1
443 221 1
443 238 1
443 357 1
443 430 1
443 431 1
443 435 3
443 471 1
443 472 1
443 487 1
443 495 1
443 551 1
443 566 1
443 590 1
443 594 2
444 68 1
444 192 1
444 336 1
444 406 1
444 415 1
444 459 2
444 477 1
444 538 1
444 542 1
445 92 1
445 497 1
445 520 1
445 537 1
445 538 1
445 559 1
446 196 1
446 418 1
446 438 1
446 469 1
446 476 1
446 480 1
446 494 1
446 509 1
446 529 1
446 581 2
447 299 1
447 369 1
447 455 1
447 502 1
447 566 1
447 576 1
448 41 1
448 67 1
448 322 1
448 341 1
448 374 1
448 434 1
448 446 1
448 483 1
448 501 1
448 535 1
448 542 1
448 558 1
449 277 1
449 330 1
449 427 1
449 467 1
449 557 1
449 576 1
449 581 1
450 130 1
450 355 1
450 363 1
450 420 1
450 421 1
450 430 1
450 439 1
450 504 1
450 535 1
450 542 1
450 565 1
450 581 2
450 582 1
451 82 1
451 87 1
451 439 1
451 441 1
451 445 1
451 459 1
451 478 1
451 529 1
451 557 1
451 570 1
451 599 1
452 241 1
452 301 1
452 450 1
452 498 1
452 500 1
452 536 1
452 537 1
452 563 1
452 564 1
452 569 1
453 37 1
453 96 1
453 350 2
453 401 2
453 432 1
453 457 1
453 463 1
453 553 1
453 577 1
454 91 1
454 272 1
454 409 1
454 412 1
454 474 1
454 499 1
454 517 1
454 524 2
454 529 1
454 544 1
454 552 1
455 156 1
455 161 1
455 404 1
455 447 1
455 461 1
455 538 1
455 571 1
456 408 1
456 414 1
456 418 1
456 436 1
456 453 1
456 474 1
456 477 1
456 482 1
456 502 1
456 523 1
456 534 1
456 545 1
456 549 1
456 550 1
456 571 1
456 583 1
457 106 1
457 122 1
457 257 1
457 414 1
457 453 2
457 558 2
457 599 1
458 170 1
458 422 1
458 430 1
458 495 1
458 498 1
458 583 1
458 596 1
459 63 1
459 164 1
459 204 1
459 384 1
459 444 1
459 486 1
459 490 1
459 541 1
459 553 1
459 569 1
459 593 1
460 227 1
460 229 1
460 247 1
460 421 1
460 432 2
460 447 1
460 487 1
460 513 1
460 541 1
460 555 1
460 557 1
460 583 1
460 595 1
461 423 1
461 439 1
461 455 1
461 472 1
461 532 2
461 534 1
461 575 1
462 343 1
462 413 1
462 431 1
462 489 1
462 515 1
462 520 1
462 553 1
462 556 2
462 574 1
462 578 1
462 597 1
463 229 1
463 422 1
463 443 1
463 448 1
463 452 1
463 471 1
463 485 1
463 490 1
463 512 2
463 527 1
463 547 1
463 553 1
463 567 1
463 587 1
463 591 1
464 241 1
464 416 1
464 467 1
464 479 1
464 500 1
464 529 1
464 542 1
464 560 2
464 591 1
465 62 1
465 136 1
465 243 1
465 418 1
465 487 1
465 498 1
465 523 1
465 550 1
465 551 1
465 564 1
465 598 1
466 121 1
466 408 1
466 437 1
466 473 1
466 475 2
466 510 1
466 564 1
466 573 1
466 579 1
466 580 2
466 588 1
467 273 1
467 346 1
467 401 1
467 440 1
467 474 1
467 547 1
467 584 1
468 7 1
468 442 1
468 461 1
468 478 1
468 499 1
468 505 1
468 507 1
468 525 1
468 526 1
468 531 1
468 586 1
469 403 1
469 408 1
469 426 1
469 446 1
469 489 1
469 493 1
469 498 1
469 557 1
469 594 1
470 406 1
470 424 1
470 514 1
470 530 1
470 549 1
470 592 1
471 405 1
471 428 1
471 429 1
471 448 2
471 463 1
471 490 1
471 494 1
471 500 1
471 529 1
471 530 1
471 536 1
471 542 1
472 269 1
472 329 1
472 416 1
472 424 1
472 438 1
472 450 1
472 467 1
472 487 1
472 498 1
472 510 1
472 584 1
472 592 1
473 36 1
473 260 1
473 411 1
473 417 1
473 431 2
473 466 3
473 476 1
473 515 1
473 530 2
473 554 1
473 559 1
473 585 1
474 211 1
474 400 1
474 417 1
474 425 1
474 435 1
474 445 1
474 463 1
474 467 2
474 530 1
474 559 1
474 591 2
475 108 1
475 466 1
475 524 1
475 538 1
475 559 1
475 590 1
475 594 1
476 139 1
476 158 1
476 279 1
476 400 1
476 419 1
476 429 1
476 477 1
476 481 1
476 575 1
477 456 1
477 474 1
477 476 1
477 561 1
477 562 1
477 563 1
477 589 1
478 74 1
478 451 1
478 464 1
478 487 1
478 490 1
478 493 1
478 525 1
478 530 1
478 543 1
478 552 1
478 581 1
479 441 1
479 486 1
479 520 1
479 529 1
479 537 1
479 550 1
479 598 1
479 599 1
480 174 1
480 223 1
480 364 1
480 402 1
480 497 1
480 509 1
480 517 1
480 534 1
480 543 1
480 557 1
481 315 1
481 428 1
481 486 2
481 500 1
481 502 1
481 537 1
481 547 1
482 274 1
482 419 1
482 464 1
482 520 1
482 560 1
482 562 1
483 181 1
483 425 1
483 489 1
483 493 1
483 509 1
483 514 1
483 541 1
483 556 1
483 566 1
483 577 1
483 578 2
484 480 1
484 498 1
484 546 1
484 553 1
484 556 1
484 560 1
484 578 1
484 585 1
485 25 1
485 53 1
485 359 1
485 414 1
485 446 1
485 463 1
485 500 1
485 590 1
485 593 1
486 265 1
486 404 1
486 413 1
486 440 1
486 459 2
486 479 1
486 481 1
486 487 1
486 515 1
486 528 1
486 573 1
486 593 1
487 13 1
487 412 1
487 432 1
487 486 1
487 509 1
487 565 1
487 571 2
487 599 1
488 177 1
488 367 1
488 407 1
488 434 1
488 479 1
488 496 1
488 511 1
488 538 1
488 565 1
488 567 1
488 592 1
488 597 1
489 437 1
489 463 1
489 467 1
489 483 1
489 484 1
489 508 1
489 553 1
489 596 1
490 431 1
490 469 1
490 507 1
490 544 1
490 556 1
491 303 1
491 469 1
491 492 1
491 515 2
491 548 1
491 550 2
491 566 1
492 43 1
492 411 1
492 419 1
492 434 1
492 514 1
492 547 1
493 8 1
493 284 1
493 427 1
493 429 1
493 448 1
493 466 1
493 469 1
493 507 1
493 554 1
493 570 1
493 592 1
494 435 1
494 468 1
494 503 1
494 508 1
494 529 1
494 558 1
494 594 1
495 268 1
495 329 1
495 419 1
495 432 1
495 512 1
495 525 1
495 537 1
496 132 1
496 488 1
496 546 1
496 591 1
497 445 1
497 454 1
497 503 1
497 521 1
497 557 1
497 592 1
498 183 1
498 199 1
498 414 2
498 428 1
498 445 1
498 458 1
498 472 1
498 474 1
498 575 1
498 588 1
499 403 1
499 407 1
499 454 1
499 468 1
499 494 1
499 502 1
499 520 1
499 532 1
499 539 1
499 545 1
499 560 1
499 572 4
499 598 1
500 296 1
500 417 1
500 421 1
500 471 1
500 481 1
500 485 1
500 508 1
500 552 1
500 554 1
501 419 1
501 424 1
501 447 1
501 548 1
501 551 1
502 202 1
502 447 2
502 456 1
502 466 1
502 577 1
502 578 1
502 585 1
503 150 1
503 214 1
503 515 1
503 595 1
503 597 2
504 428 1
504 470 1
504 508 1
504 519 1
504 536 1
504 538 1
504 540 1
504 590 1
505 43 1
505 228 1
505 439 1
505 476 1
505 520 2
505 569 1
505 570 1
506 25 1
506 131 1
506 368 1
506 401 1
506 402 1
506 432 1
506 465 1
506 499 1
506 517 1
506 534 1
506 541 2
506 561 1
506 577 1
507 214 1
507 346 1
507 413 1
507 444 1
507 468 1
507 485 1
507 490 1
507 522 1
508 94 1
508 424 1
508 441 1
508 451 1
508 471 1
508 504 1
508 561 1
508 594 2
509 126 1
509 481 1
509 483 1
509 522 1
509 553 1
509 578 1
510 253 1
510 314 1
510 408 1
510 409 1
510 427 1
510 429 1
510 442 1
510 446 1
510 472 1
510 508 1
510 545 1
510 553 2
510 568 1
510 573 1
510 591 1
511 381 1
511 415 1
511 433 1
511 434 1
511 436 2
511 469 1
511 526 1
511 591 1
512 263 1
512 421 1
512 463 1
512 495 1
512 506 1
512 514 1
512 517 1
512 526 1
512 534 1
512 573 1
512 586 1
513 19 1
513 154 1
513 441 1
513 516 1
513 553 1
513 579 1
513 595 1
514 440 1
514 483 1
514 492 1
514 512 1
514 531 1
514 535 1
514 560 1
514 577 1
514 581 1
514 586 3
514 597 1
515 412 1
515 448 1
515 470 1
515 490 1
515 491 1
515 503 1
515 521 1
516 75 1
516 378 1
516 404 1
516 415 1
516 498 1
516 529 1
516 533 1
516 540 2
516 571 1
517 206 1
517 259 1
517 425 1
517 432 1
517 462 1
517 487 1
517 506 1
517 526 1
517 530 1
517 555 1
518 46 1
518 114 1
518 408 1
518 446 1
518 471 1
518 574 1
519 89 1
519 125 1
519 403 1
519 433 2
519 452 1
519 504 1
519 545 2
519 546 1
519 577 1
519 591 1
520 412 1
520 429 1
520 437 3
520 446 1
520 462 1
520 499 2
520 504 1
520 562 1
521 400 1
521 411 1
521 412 1
521 490 1
521 502 1
521 515 1
521 525 1
521 582 1
521 584 1
522 183 1
522 259 1
522 413 1
522 476 1
522 507 1
522 519 1
522 573 2
523 123 1
523 400 1
523 435 1
523 465 2
523 472 1
523 479 1
523 498 1
523 549 1
523 551 1
523 593 1
524 16 1
524 306 1
524 363 1
524 454 1
524 475 1
524 503 1
524 533 1
524 577 1
524 593 1
525 409 1
525 428 1
525 437 1
525 495 1
525 521 1
525 541 1
525 554 1
525 555 1
525 567 1
525 575 1
525 576 1
526 426 1
526 458 1
526 468 2
526 484 1
526 512 1
526 527 1
526 542 1
526 571 1
527 463 1
527 489 1
527 524 1
527 526 2
527 566 1
528 52 1
528 358 1
528 412 1
528 432 1
528 433 1
528 481 1
528 507 1
528 519 1
528 554 1
528 592 1
528 598 1
528 599 1
529 63 1
529 235 1
529 283 1
529 311 1
529 327 1
529 407 1
529 415 3
529 459 1
529 479 2
529 525 1
529 527 1
529 558 2
529 594 1
530 12 1
530 370 1
530 472 1
530 474 1
530 478 1
530 493 1
530 495 1
530 537 1
530 539 1
531 153 1
531 405 1
531 420 1
531 439 1
531 468 1
531 494 1
531 552 1
531 570 1
531 574 1
531 579 1
531 589 1
532 237 1
532 417 1
532 459 1
532 499 1
532 503 1
533 406 1
533 412 1
533 430 1
533 453 1
534 42 2
534 480 1
534 575 1
534 586 2
534 597 1
535 44 1
535 172 1
535 215 1
535 403 1
535 412 1
535 415 1
535 419 1
535 459 1
535 495 1
535 525 1
535 562 1
535 580 1
535 595 1
536 441 1
536 452 1
536 533 1
536 583 1
537 117 1
537 406 1
537 441 1
537 452 1
537 481 1
537 497 1
537 543 1
537 595 1
538 432 2
538 453 1
538 462 1
538 475 2
538 488 2
538 534 1
538 543 1
538 594 1
538 599 1
539 51 1
539 415 1
539 429 1
539 436 1
539 446 1
539 472 1
539 481 1
539 486 1
539 522 1
539 551 2
539 567 1
540 102 1
540 154 1
540 403 1
540 468 1
540 504 1
540 509 1
540 511 1
540 516 1
540 525 1
540 586 1
540 588 1
541 447 1
541 471 1
541 483 1
541 487 1
541 506 1
542 416 1
542 417 1
542 432 1
542 441 1
542 450 1
542 479 1
542 491 1
542 520 1
542 586 1
543 425 1
543 427 1
543 480 1
543 521 1
543 522 1
543 538 2
543 596 1
544 231 1
544 421 1
544 422 1
544 462 1
544 513 1
544 541 1
544 598 1
545 13 1
545 54 1
545 334 1
545 409 1
545 499 2
545 510 1
545 519 1
545 562 1
545 563 1
546 438 1
546 484 1
546 496 1
546 498 1
546 538 1
546 565 1
546 595 1
547 81 1
547 203 1
547 338 1
547 407 1
547 428 1
547 467 1
547 504 1
547 530 1
547 562 1
547 579 1
548 75 1
548 407 1
548 439 1
548 443 1
548 501 1
548 508 1
548 558 1
548 575 1
549 123 1
549 456 1
549 490 1
549 505 1
549 523 1
549 556 1
549 572 1
550 225 1
550 428 1
550 438 2
550 465 1
550 491 1
550 523 1
550 535 1
550 583 1
550 584 1
550 586 1
550 591 1
550 595 1
550 597 1
551 15 1
551 153 1
551 279 1
551 401 1
551 513 1
551 533 1
551 566 1
552 210 1
552 233 1
552 422 1
552 454 1
552 474 1
552 478 1
552 508 1
552 510 1
552 516 1
552 532 1
552 536 1
552 564 1
552 574 1
552 590 1
553 253 1
553 304 1
553 404 1
553 453 1
553 474 1
553 513 1
553 516 1
553 546 1
553 567 1
553 580 1
554 384 1
554 419 1
554 441 1
554 500 2
554 509 1
554 525 2
554 528 1
554 552 1
554 592 1
555 68 1
555 70 1
555 155 1
555 158 1
555 160 1
555 460 1
555 517 1
556 153 1
556 400 1
556 404 1
556 412 1
556 425 1
556 431 1
556 440 2
556 450 1
556 462 1
556 483 1
556 484 1
556 490 1
556 549 1
556 567 1
556 571 1
556 572 1
556 576 1
557 178 1
557 433 1
557 451 1
557 469 1
557 524 1
557 541 1
557 568 1
557 587 1
558 157 1
558 421 1
558 448 1
558 457 1
558 514 1
558 529 1
558 548 1
559 8 1
559 164 1
559 336 1
559 414 1
559 430 1
559 445 1
559 473 1
559 474 2
559 484 1
559 589 1
560 50 1
560 75 1
560 413 1
560 435 1
560 464 1
560 499 1
560 508 1
560 514 2
560 561 1
560 567 1
561 48 1
561 411 1
561 443 1
561 454 1
561 503 1
561 506 1
561 508 1
561 560 1
561 591 2
561 594 1
562 201 1
562 407 1
562 435 1
562 458 1
562 487 1
562 488 1
562 492 1
562 520 1
562 547 1
562 568 1
562 577 1
563 46 1
563 86 1
563 302 1
563 362 1
563 370 1
563 454 1
563 526 1
563 529 1
563 545 1
563 546 1
563 554 1
563 579 1
564 314 1
564 439 1
564 452 1
564 493 1
564 552 1
564 593 1
565 257 1
565 407 1
565 415 1
565 429 1
565 450 1
565 457 1
565 461 1
565 487 2
565 488 1
565 532 1
565 536 1
565 548 1
566 261 1
566 407 1
566 422 1
566 441 1
566 485 1
566 551 1
567 270 1
567 342 1
567 357 1
567 425 1
567 458 1
567 464 1
567 476 1
567 487 1
567 494 1
567 538 1
567 560 1
567 592 1
568 87 1
568 142 1
568 273 1
568 410 1
568 417 1
568 465 1
569 210 1
569 429 1
569 430 1
569 452 1
569 521 1
569 589 1
570 376 1
570 435 1
570 512 1
570 567 1
571 215 1
571 261 1
571 487 1
571 516 1
571 526 1
571 551 1
571 556 1
571 565 1
571 566 1
572 2 1
572 285 1
572 297 1
572 479 1
572 490 1
572 499 1
572 546 1
572 582 1
573 338 1
573 433 1
573 439 1
573 441 1
573 486 1
573 512 1
573 522 1
573 537 1
573 575 1
573 578 1
574 129 1
574 282 1
574 422 1
574 583 2
574 584 1
575 334 1
575 409 1
575 419 1
575 461 1
575 498 1
575 514 1
575 551 1
575 557 1
576 416 1
576 556 1
576 567 1
576 582 1
576 599 1
577 82 1
577 127 1
577 276 1
577 417 1
577 473 1
577 477 1
577 483 3
577 492 1
577 514 1
577 519 1
577 536 1
578 333 1
578 417 1
578 462 1
578 483 1
578 502 1
578 507 1
578 580 1
579 95 1
579 317 1
579 434 2
579 513 1
579 543 1
579 563 1
579 564 1
579 586 1
580 155 1
580 229 2
580 353 1
580 435 1
580 466 1
580 500 1
580 535 1
580 551 1
580 553 1
580 578 1
581 446 1
581 450 1
581 514 1
581 577 1
582 195 1
582 215 1
582 402 1
582 421 2
582 427 1
582 429 1
582 437 1
582 500 1
582 506 1
582 559 1
582 584 1
582 587 1
583 55 1
583 450 1
583 458 1
583 460 1
583 478 1
583 536 1
583 574 1
583 592 1
584 70 1
584 113 2
584 230 1
584 521 1
584 552 1
584 598 1
585 393 1
585 473 1
585 505 1
585 506 1
585 527 1
585 558 1
585 574 1
585 580 1
586 415 1
586 454 1
586 468 1
586 494 1
586 512 1
586 514 1
586 534 1
586 550 1
586 579 1
587 6 1
587 424 1
587 463 1
587 473 1
587 512 1
587 532 1
587 538 1
587 557 1
587 576 1
587 579 1
587 582 1
587 592 1
588 314 1
588 405 1
588 406 1
588 426 1
588 436 1
588 466 1
588 480 1
588 481 1
588 540 1
588 558 1
588 568 1
589 165 1
589 199 1
589 405 1
589 424 1
589 432 1
589 463 1
589 468 1
589 477 1
589 483 1
589 496 1
589 525 1
589 531 1
589 568 1
589 569 1
590 80 1
590 106 1
590 131 2
590 484 1
590 492 1
590 534 1
590 552 1
590 580 1
591 277 1
591 428 1
591 463 1
591 464 2
591 496 1
591 500 1
591 511 1
591 555 1
591 569 1
591 589 1
591 594 1
592 55 1
592 76 1
592 142 1
592 194 1
592 207 1
592 286 1
592 464 1
592 493 2
592 519 1
592 554 1
592 567 1
592 583 1
592 587 1
593 230 1
593 403 1
593 409 1
593 438 1
593 479 1
593 486 1
593 534 1
593 549 1
594 196 1
594 353 1
594 374 1
594 404 1
594 443 1
594 469 1
594 475 1
594 508 1
594 595 1
595 400 1
595 447 1
595 495 1
595 503 1
595 535 1
595 537 1
595 550 1
595 553 1
595 558 1
595 593 1
596 3 1
596 410 1
596 458 1
596 470 1
596 478 1
596 527 1
597 12 1
597 416 1
597 433 1
597 459 1
597 466 1
597 471 1
597 488 1
597 514 1
597 534 1
597 550 1
598 421 1
598 465 1
598 479 1
598 499 1
598 528 2
598 592 1
599 407 1
599 436 1
599 451 1
599 479 1
599 522 1
599 538 1
599 576 1
599 578 1
